"{\n    \"class\" : \"HiddenMarkovModel\",\n    \"name\" : \"None\",\n    \"start\" : {\n        \"class\" : \"State\",\n        \"distribution\" : null,\n        \"name\" : \"None-start\",\n        \"weight\" : 1.0\n    },\n    \"end\" : {\n        \"class\" : \"State\",\n        \"distribution\" : null,\n        \"name\" : \"None-end\",\n        \"weight\" : 1.0\n    },\n    \"states\" : [\n        {\n            \"class\" : \"State\",\n            \"distribution\" : {\n                \"class\" : \"Distribution\",\n                \"name\" : \"MultivariateGaussianDistribution\",\n                \"parameters\" : [\n                    [\n                        43.328621659858776,\n                        10.975413316371494,\n                        -8.777841114087106,\n                        3.6445735213742965,\n                        -7.17281171772311,\n                        -2.5022727262726914,\n                        -3.81272290573974,\n                        -5.058215673704716,\n                        -3.3762164080996344,\n                        -3.9126392298248502,\n                        -2.6895414490755334,\n                        -2.261283440479516,\n                        -3.0477522718948475,\n                        -0.9051929772415074,\n                        -1.6953196453656108,\n                        -1.2851447079126528,\n                        -0.7648093689490256,\n                        0.37211915728626005,\n                        -0.28663358538666917,\n                        0.27496984481960557,\n                        0.24035442131999357,\n                        0.12085741877035121,\n                        0.35717532538424845,\n                        0.08410250210221897,\n                        0.2875400333834167,\n                        0.038959178814840054,\n                        0.1682834354019118,\n                        0.07435111577554779,\n                        0.04932511796688445,\n                        0.034662257069021186,\n                        -0.03535415518532805,\n                        -0.11180157825414584,\n                        0.03106989710066883,\n                        0.01812442624185649,\n                        0.006515429977911283,\n                        0.017557855832365018,\n                        -0.015967887094768422,\n                        0.02715682716556841,\n                        -0.008537994039145727,\n                        0.028265240622738875,\n                        -0.004529629213802461,\n                        0.012076417075437017,\n                        0.006273094894518544,\n                        0.0036649667055045024,\n                        -0.004463160498734373,\n                        0.12399988899345632,\n                        0.6651389374566635\n                    ],\n                    [\n                        [\n                            5933.704378355551,\n                            -132.0536967624221,\n                            -1949.5175336301745,\n                            -233.86357428743617,\n                            -1051.6988836849132,\n                            51.026862468796516,\n                            -410.0579022024148,\n                            -73.7599306405699,\n                            -38.95033751620199,\n                            159.80302249707856,\n                            -165.60882343418254,\n                            153.75396899900392,\n                            -161.1446579818175,\n                            37.095508227940954,\n                            -124.23087422351475,\n                            18.117376372793686,\n                            58.62294169295343,\n                            -15.18088770455433,\n                            13.144383477282183,\n                            -1.4805423410978988,\n                            -20.44193813646433,\n                            0.2282290781690402,\n                            -7.987191762172379,\n                            -1.8677835782174865,\n                            -13.18171185603068,\n                            0.1374962322307364,\n                            -14.494787408935858,\n                            2.6744973425825465,\n                            -6.4945178147476845,\n                            -0.8347178829027865,\n                            -100.75846678439343,\n                            13.178742101493091,\n                            35.272436466576806,\n                            -1.3849532222119876,\n                            19.288681289249745,\n                            0.23763561303392847,\n                            8.90420257924872,\n                            1.6225330728328435,\n                            -0.27013397247609605,\n                            -3.8162195231174922,\n                            1.4106389573383937,\n                            -4.110937604733678,\n                            0.7601008948784489,\n                            -1.8721549479208037,\n                            1.530773704479905,\n                            0.3333057404591891,\n                            0.0444457466494253\n                        ],\n                        [\n                            -132.0536967624221,\n                            1228.0079783163012,\n                            -209.8610765415113,\n                            -390.6758520713836,\n                            17.198286166683694,\n                            -106.46818872404276,\n                            99.91608011683364,\n                            -215.5994827906949,\n                            131.64147913943825,\n                            -98.2567465100868,\n                            73.1609422106349,\n                            -50.5571135621717,\n                            1.3229014468442395,\n                            -92.65952268316319,\n                            -26.892667969419147,\n                            -15.545628555998553,\n                            22.528899443058034,\n                            -3.8170597368336425,\n                            2.7034173597357793,\n                            4.609543241297583,\n                            -1.0504528670091444,\n                            3.505645371945838,\n                            -5.312223348977549,\n                            4.227043235659064,\n                            -4.695656870283044,\n                            1.7110206352422737,\n                            -4.712466830366936,\n                            1.3889628234562499,\n                            -3.3100989252015465,\n                            1.258846660095259,\n                            9.513087537095606,\n                            -26.416499090965875,\n                            3.9293016157339014,\n                            6.842489287195599,\n                            -1.7669469275080278,\n                            3.2410872095852343,\n                            -1.322720561619564,\n                            5.0884807281170215,\n                            -2.1680476830633078,\n                            3.589512294659264,\n                            -1.4986651050567403,\n                            2.0273758120806984,\n                            -0.7207273877392527,\n                            1.7632640195558476,\n                            -0.36109297041850313,\n                            -0.46676126022593833,\n                            0.2661236676139665\n                        ],\n                        [\n                            -1949.5175336301745,\n                            -209.8610765415113,\n                            1317.4237137273255,\n                            237.71548339269575,\n                            267.9955580741342,\n                            37.77664603375104,\n                            109.36324870283366,\n                            75.94383845988433,\n                            -158.05599243851597,\n                            -15.677701892474238,\n                            -25.231882553647885,\n                            -24.85374031933091,\n                            3.1991876718312113,\n                            8.123132841377524,\n                            -3.679186061046419,\n                            4.432550996572366,\n                            -37.1918512088481,\n                            7.176633448539564,\n                            -12.59669166711315,\n                            -2.083065328184517,\n                            13.798974693703375,\n                            -1.5182071207479528,\n                            6.660579404280622,\n                            0.5362468179785816,\n                            9.582970757251587,\n                            -0.2592490504358312,\n                            9.53133380622242,\n                            -2.0684735632198197,\n                            4.763078170024729,\n                            -0.5292200114270089,\n                            34.60802937764087,\n                            1.5304656022830125,\n                            -25.66650105770732,\n                            -0.6831282669982386,\n                            -4.374832420324617,\n                            -1.4112176002888783,\n                            -2.820523811422676,\n                            -2.517372753776515,\n                            2.9556745636958666,\n                            -0.009515577423064255,\n                            0.947114032828538,\n                            0.4965388019106722,\n                            0.5480096216512848,\n                            0.06524891761104205,\n                            0.18127449044988656,\n                            -0.2802273539098769,\n                            0.31447752210796454\n                        ],\n                        [\n                            -233.86357428743617,\n                            -390.6758520713836,\n                            237.71548339269575,\n                            943.6171793774301,\n                            146.09255901747036,\n                            -241.67331583932568,\n                            -40.965313929899146,\n                            -14.916637166676463,\n                            -101.25357486984863,\n                            -120.84201442078951,\n                            0.3888477781076921,\n                            -73.9616866390545,\n                            -16.804418431716172,\n                            -3.961090714887362,\n                            -25.172993856557564,\n                            1.494189865183115,\n                            0.10844168903085362,\n                            4.9655784066309465,\n                            -6.380015534387751,\n                            -3.9120927715806006,\n                            0.38542566763520847,\n                            0.4357091932433572,\n                            1.3558129305834536,\n                            -0.41220826067581795,\n                            1.9085998333807626,\n                            0.4421915036291886,\n                            1.4299166917500736,\n                            0.18423539447674672,\n                            1.3145315717591288,\n                            -0.0998384575211599,\n                            0.49187569974792406,\n                            6.151173276956486,\n                            -1.4897772185177816,\n                            -15.764262628213631,\n                            -0.24354087945116637,\n                            4.490486542362324,\n                            0.28552151996828434,\n                            0.299487382550639,\n                            1.1256397732143473,\n                            1.9247336417724,\n                            -0.4056003693090615,\n                            1.397552806868503,\n                            -0.15887410625052645,\n                            -0.007068011457614406,\n                            0.3521831185348689,\n                            -0.2570480336453874,\n                            0.08799397516079208\n                        ],\n                        [\n                            -1051.6988836849132,\n                            17.198286166683694,\n                            267.9955580741342,\n                            146.09255901747036,\n                            637.4681578598255,\n                            -30.016991371270386,\n                            -38.6630180269709,\n                            42.32536752269804,\n                            -1.1448211048159094,\n                            -31.747575585973493,\n                            -9.768746101451574,\n                            -15.795986867868004,\n                            4.756909719236739,\n                            0.8931590909646437,\n                            11.012821821721493,\n                            -6.868444946962505,\n                            -17.632645720843325,\n                            7.855249545476247,\n                            -2.2392697338261227,\n                            -1.8732850107889103,\n                            4.260568278711943,\n                            0.048427879759948306,\n                            3.6649903281549117,\n                            0.705114673883641,\n                            4.59781548557033,\n                            -0.5356012499556663,\n                            4.202480102668683,\n                            -0.8698648501766204,\n                            2.1550403521612354,\n                            0.06364850874312664,\n                            19.640170619268694,\n                            -3.3359675444653227,\n                            -4.746777349235114,\n                            0.44421634301151725,\n                            -13.36358785998463,\n                            0.09492563646200125,\n                            0.6468061076149356,\n                            -0.7834798914145162,\n                            0.09645561378688157,\n                            0.37380009133657177,\n                            0.6375165268442526,\n                            0.6977641314671484,\n                            0.24699088237122818,\n                            0.04903241711339562,\n                            -0.10154006379235095,\n                            -0.19868133561916396,\n                            -0.1521778015430263\n                        ],\n                        [\n                            51.026862468796516,\n                            -106.46818872404276,\n                            37.77664603375104,\n                            -241.67331583932568,\n                            -30.016991371270386,\n                            336.34568962714343,\n                            25.909065456384425,\n                            3.3714807531143016,\n                            0.7148928776593473,\n                            38.781727845262296,\n                            -18.092069530473154,\n                            2.0070443704637064,\n                            2.053659846373565,\n                            2.513273404189135,\n                            9.489289219557289,\n                            13.064436447361242,\n                            -12.414900135663176,\n                            -3.3407448457075133,\n                            3.4535803143220973,\n                            -2.0332382730598932,\n                            0.29130713460051433,\n                            -3.283304768808679,\n                            2.063275614653384,\n                            -1.4623796260870072,\n                            1.7908702079349943,\n                            -0.9186825297078677,\n                            1.2360643655079375,\n                            0.2050540859895573,\n                            0.8635072879488299,\n                            0.1770279218930474,\n                            0.24625980402729425,\n                            3.325079818429699,\n                            -1.7667528378428592,\n                            4.192859894810921,\n                            -0.026698884003047315,\n                            -7.466703026288507,\n                            -0.4450419017139418,\n                            -0.1501939518708725,\n                            0.15052402764860082,\n                            -1.030931112146729,\n                            0.279424541939288,\n                            -0.026404230287005347,\n                            0.106116618218752,\n                            0.011897983701146971,\n                            -0.1944411311739608,\n                            0.06946083586956017,\n                            -0.05563908140383214\n                        ],\n                        [\n                            -410.0579022024148,\n                            99.91608011683364,\n                            109.36324870283366,\n                            -40.965313929899146,\n                            -38.6630180269709,\n                            25.909065456384425,\n                            287.21253548251667,\n                            -2.243660407614479,\n                            -3.892701860082368,\n                            1.971210212443896,\n                            6.576675126460437,\n                            -7.491175086764852,\n                            -7.707680063073289,\n                            -2.815195451127234,\n                            17.340768262219168,\n                            -2.072740895468795,\n                            -0.03789355527743685,\n                            -2.924647310844872,\n                            0.06607457276154777,\n                            1.4943520367851113,\n                            1.383730829709142,\n                            -0.8404443000673011,\n                            -1.3099411879440366,\n                            0.36273904920523947,\n                            -0.5122846376266923,\n                            1.0602998840396891,\n                            0.18668648000234245,\n                            0.49827019519404914,\n                            0.6011662158770271,\n                            0.01620682888321061,\n                            8.543076612808173,\n                            -1.3786236473437172,\n                            -2.725942701022911,\n                            0.2707893655016577,\n                            0.7896032026477053,\n                            -0.4683005015111168,\n                            -6.174367547603549,\n                            -0.15700794012864827,\n                            0.5967734884538052,\n                            0.25289107125064264,\n                            0.0070202644256764455,\n                            0.2554295796289885,\n                            0.46350748284277954,\n                            0.04459269762508296,\n                            -0.24626984055927906,\n                            -0.09657950743330428,\n                            -0.05895947435535827\n                        ],\n                        [\n                            -73.7599306405699,\n                            -215.5994827906949,\n                            75.94383845988433,\n                            -14.916637166676463,\n                            42.32536752269804,\n                            3.3714807531143016,\n                            -2.243660407614479,\n                            251.2660696442375,\n                            14.668079332783043,\n                            20.649463595475442,\n                            -8.898684995517458,\n                            -2.5366900837082933,\n                            5.167131909334137,\n                            -10.965168963052188,\n                            13.213203644707127,\n                            -6.1780301625388985,\n                            -8.963556579434805,\n                            4.589799796341178,\n                            -1.2783808323056878,\n                            0.4011971726427072,\n                            1.9002756206836633,\n                            0.09955988636494204,\n                            1.7380776577099015,\n                            -1.2244169860257594,\n                            1.5183500736017859,\n                            -0.4876156421560113,\n                            2.4169245084194744,\n                            -0.5040592502141519,\n                            1.2283101022278384,\n                            0.11521282033759694,\n                            1.7267713291671694,\n                            4.5231818393609435,\n                            -2.6624805774377256,\n                            0.2540212558305189,\n                            -0.974604137523859,\n                            -0.1041044443214193,\n                            -0.2232843510092837,\n                            -5.785107752178771,\n                            -0.11405086885473739,\n                            -0.3798116619904018,\n                            0.4197027361514516,\n                            -0.03753999035383563,\n                            0.15805878660085487,\n                            0.34633310855115257,\n                            -0.20726131261038286,\n                            0.07070558613855628,\n                            -0.27557238773652665\n                        ],\n                        [\n                            -38.95033751620199,\n                            131.64147913943825,\n                            -158.05599243851597,\n                            -101.25357486984863,\n                            -1.1448211048159094,\n                            0.7148928776593473,\n                            -3.892701860082368,\n                            14.668079332783043,\n                            229.40979376775974,\n                            24.424695876296063,\n                            25.226464681655358,\n                            -2.999203553576646,\n                            2.8334294515258045,\n                            -28.554565623406358,\n                            -5.917701608012326,\n                            0.03758806317166966,\n                            1.1195493129997436,\n                            -2.7603882071671295,\n                            3.2518333578331857,\n                            -1.0292345878715945,\n                            -0.8932704332389269,\n                            1.0154784011582776,\n                            -0.3173070964575733,\n                            -0.4046132448148568,\n                            -1.5505366483379257,\n                            0.24375049351811867,\n                            -0.9805425229191117,\n                            1.046692750558982,\n                            -0.37632605921510504,\n                            0.9140696128029615,\n                            -0.6696178870896049,\n                            -1.8716965081918475,\n                            3.160037660461025,\n                            1.0268435551879218,\n                            0.1712038845111939,\n                            0.02778427843055784,\n                            0.6598505862322017,\n                            -0.09265364311464305,\n                            -4.62476148805439,\n                            -0.2632098157722842,\n                            -0.1281585448443419,\n                            0.052104639545204,\n                            0.02854940465974034,\n                            0.4935678884043203,\n                            0.09469583863877305,\n                            -0.02592976445733497,\n                            -0.17983464531180496\n                        ],\n                        [\n                            159.80302249707856,\n                            -98.2567465100868,\n                            -15.677701892474238,\n                            -120.84201442078951,\n                            -31.747575585973493,\n                            38.781727845262296,\n                            1.971210212443896,\n                            20.649463595475442,\n                            24.424695876296063,\n                            214.0214108508324,\n                            6.602971754353018,\n                            26.33631250212703,\n                            -6.646826237382623,\n                            -15.244113839378455,\n                            -18.86856051758138,\n                            0.16076514535397185,\n                            -5.326093434292579,\n                            -0.6367726396176903,\n                            0.3436723180193661,\n                            -0.3837157699311996,\n                            0.2902914307849303,\n                            -0.32623190484157744,\n                            0.7723182798072498,\n                            -0.12408642103239255,\n                            0.08812527060570485,\n                            -0.8445259960846258,\n                            0.9634078972683684,\n                            -0.19374183208989895,\n                            1.3284267703300252,\n                            0.6662465254036042,\n                            -3.7060133757165237,\n                            3.487436720963359,\n                            -0.21789478880287746,\n                            1.986878202912214,\n                            0.3838277671394494,\n                            -1.0454595847543668,\n                            0.21177020599327298,\n                            -0.4320461082821745,\n                            -0.23879408971896687,\n                            -4.87559097462082,\n                            0.11899093012568332,\n                            -0.643099361785369,\n                            0.3874590351996563,\n                            0.19116412042898634,\n                            0.4144203621162664,\n                            0.03896736723977549,\n                            -0.23173926356759836\n                        ],\n                        [\n                            -165.60882343418254,\n                            73.1609422106349,\n                            -25.231882553647885,\n                            0.3888477781076921,\n                            -9.768746101451574,\n                            -18.092069530473154,\n                            6.576675126460437,\n                            -8.898684995517458,\n                            25.226464681655358,\n                            6.602971754353018,\n                            184.162268020998,\n                            8.767493258398853,\n                            22.994884768808255,\n                            -23.829575263290902,\n                            -26.800789675676153,\n                            -0.9810858696518124,\n                            3.675931304137528,\n                            -2.1354148959269024,\n                            0.11963136254133583,\n                            0.362458759933057,\n                            -0.6895389514492878,\n                            -0.10119410087967416,\n                            -0.8783370699210024,\n                            0.28538021903462996,\n                            -0.3617014543177631,\n                            -0.35271733871972827,\n                            -1.3887593433183059,\n                            0.4767532915590363,\n                            -0.5903281506074605,\n                            1.2775921052725565,\n                            1.306776646845323,\n                            -1.4498676137853215,\n                            1.0339578428725011,\n                            -0.3152608761834263,\n                            0.6424932075604421,\n                            0.27705849021345386,\n                            -0.00751455773377192,\n                            0.3899492105153648,\n                            -0.12348324070570614,\n                            0.04417797601559926,\n                            -3.930407659122756,\n                            -0.11636153243647568,\n                            -0.21939726345585042,\n                            0.5325597644396097,\n                            0.4339971806462345,\n                            0.010787421628566045,\n                            -0.11061103997586878\n                        ],\n                        [\n                            153.75396899900392,\n                            -50.5571135621717,\n                            -24.85374031933091,\n                            -73.9616866390545,\n                            -15.795986867868004,\n                            2.0070443704637064,\n                            -7.491175086764852,\n                            -2.5366900837082933,\n                            -2.999203553576646,\n                            26.33631250212703,\n                            8.767493258398853,\n                            191.71916155768605,\n                            30.238916313867072,\n                            24.683938379096492,\n                            -7.909405513999286,\n                            3.1975332005204775,\n                            -3.235507802638162,\n                            -2.0158494481979767,\n                            0.6326800414887683,\n                            -1.1116116261253095,\n                            0.6660053714529014,\n                            -0.4183740949674909,\n                            -0.21070769255371546,\n                            -0.09059605084894386,\n                            -0.04815113441536197,\n                            0.3473050356196748,\n                            -0.9427559609801852,\n                            -0.9670278489188567,\n                            0.4132552651479525,\n                            -0.09501661398706135,\n                            -3.881764395816316,\n                            2.275101589578261,\n                            0.2458584993632066,\n                            1.3092771397535055,\n                            0.62232448629759,\n                            0.014769704964750368,\n                            0.28152946869572104,\n                            -0.1524606312060539,\n                            0.13573467326289326,\n                            -0.6214017239642907,\n                            -0.06115862913386265,\n                            -4.351689910049653,\n                            -0.31759797519581984,\n                            -0.2913626887122074,\n                            0.40260420477864955,\n                            0.03095931599956815,\n                            -0.11472539644706459\n                        ],\n                        [\n                            -161.1446579818175,\n                            1.3229014468442395,\n                            3.1991876718312113,\n                            -16.804418431716172,\n                            4.756909719236739,\n                            2.053659846373565,\n                            -7.707680063073289,\n                            5.167131909334137,\n                            2.8334294515258045,\n                            -6.646826237382623,\n                            22.994884768808255,\n                            30.238916313867072,\n                            189.39161001222246,\n                            53.702794319526475,\n                            29.38746199556957,\n                            -4.485040318664698,\n                            1.0395575003393016,\n                            0.64669423001779,\n                            0.5182131159667079,\n                            1.1256267168823912,\n                            -0.4189340082639461,\n                            0.5337838288309651,\n                            0.17905606892877896,\n                            0.014227241880829753,\n                            -0.10235064769753215,\n                            -0.3685597331639088,\n                            -0.1664137618383195,\n                            -1.3918204619913566,\n                            -1.6540837850615686,\n                            -0.38640346471119913,\n                            0.9757838811258766,\n                            -0.6314831838471348,\n                            0.38379367360825106,\n                            -0.19562237336306726,\n                            0.16764230499048227,\n                            0.05086335167555191,\n                            0.43390447353075084,\n                            0.1020401081720423,\n                            0.04038663118950611,\n                            0.36475736154246774,\n                            -0.21880495363990687,\n                            -0.38561200455095324,\n                            -3.8387081817384434,\n                            -0.7248432776262284,\n                            -0.2253481318968291,\n                            0.09650491815597909,\n                            -0.10238234016729864\n                        ],\n                        [\n                            37.095508227940954,\n                            -92.65952268316319,\n                            8.123132841377524,\n                            -3.961090714887362,\n                            0.8931590909646437,\n                            2.513273404189135,\n                            -2.815195451127234,\n                            -10.965168963052188,\n                            -28.554565623406358,\n                            -15.244113839378455,\n                            -23.829575263290902,\n                            24.683938379096492,\n                            53.702794319526475,\n                            200.18706866717596,\n                            79.82157667097496,\n                            1.0911920937707744,\n                            -0.01160761888685228,\n                            -0.41739731580386885,\n                            -0.9351221481983976,\n                            -0.2712731234570514,\n                            0.4306144896551825,\n                            -0.7968200518869343,\n                            0.2666141455249854,\n                            0.08662048900715649,\n                            0.021131069296658273,\n                            0.20464747306060196,\n                            -0.3402300516597553,\n                            -0.32980460047443944,\n                            -1.5179665465469045,\n                            -1.8408703926368417,\n                            -1.4942439283902367,\n                            1.9539977631696857,\n                            -0.2541480303500634,\n                            -0.023501843582008793,\n                            -0.008228837187077976,\n                            -0.035211530005608296,\n                            0.006184132625505693,\n                            0.231742476525893,\n                            0.5513882549403131,\n                            0.1570485048365109,\n                            0.5426257457979353,\n                            -0.3154048804909324,\n                            -0.8034942596688538,\n                            -4.0254083087553605,\n                            -1.0785318958501142,\n                            0.1293725311307685,\n                            0.04062026395412371\n                        ],\n                        [\n                            -124.23087422351475,\n                            -26.892667969419147,\n                            -3.679186061046419,\n                            -25.172993856557564,\n                            11.012821821721493,\n                            9.489289219557289,\n                            17.340768262219168,\n                            13.213203644707127,\n                            -5.917701608012326,\n                            -18.86856051758138,\n                            -26.800789675676153,\n                            -7.909405513999286,\n                            29.38746199556957,\n                            79.82157667097496,\n                            225.718086386504,\n                            -1.3441495989383383,\n                            1.398881027041207,\n                            -0.2768808613699171,\n                            0.7196771485714238,\n                            0.1591785793757932,\n                            -0.5219536129885644,\n                            0.25840649498723556,\n                            -0.43145763235793533,\n                            -0.22161075615981182,\n                            -0.38032392916044944,\n                            -0.2032695251900165,\n                            0.06223285398139981,\n                            -0.3394285731875893,\n                            -0.5690494618627586,\n                            -2.164921614201003,\n                            1.8307607194259774,\n                            -0.1501692278543505,\n                            0.032864935259362446,\n                            0.23411656466216219,\n                            -0.2040288283669512,\n                            -0.19737609220537577,\n                            -0.2837062297583138,\n                            -0.24922400670128236,\n                            0.11999630750199826,\n                            0.4055946889824877,\n                            0.47024077673088355,\n                            0.41100292666713556,\n                            -0.27497772524261405,\n                            -1.1235398502653116,\n                            -4.21455071638939,\n                            0.14284045370230347,\n                            0.012084542369784568\n                        ],\n                        [\n                            18.117376372793686,\n                            -15.545628555998553,\n                            4.432550996572366,\n                            1.494189865183115,\n                            -6.868444946962505,\n                            13.064436447361242,\n                            -2.072740895468795,\n                            -6.1780301625388985,\n                            0.03758806317166966,\n                            0.16076514535397185,\n                            -0.9810858696518124,\n                            3.1975332005204775,\n                            -4.485040318664698,\n                            1.0911920937707744,\n                            -1.3441495989383383,\n                            105.29576107018245,\n                            -10.56748341908247,\n                            -36.035485908667546,\n                            1.2074420796912968,\n                            -20.16289107317299,\n                            -1.2055737594633658,\n                            -9.257313153761194,\n                            -1.8255687827352851,\n                            0.0880306026408752,\n                            4.008287642019059,\n                            -1.317273880521464,\n                            3.96840285448983,\n                            -0.8271993721716153,\n                            1.7218068628324354,\n                            -1.9641580