"{\n    \"class\" : \"HiddenMarkovModel\",\n    \"name\" : \"None\",\n    \"start\" : {\n        \"class\" : \"State\",\n        \"distribution\" : null,\n        \"name\" : \"None-start\",\n        \"weight\" : 1.0\n    },\n    \"end\" : {\n        \"class\" : \"State\",\n        \"distribution\" : null,\n        \"name\" : \"None-end\",\n        \"weight\" : 1.0\n    },\n    \"states\" : [\n        {\n            \"class\" : \"State\",\n            \"distribution\" : {\n                \"class\" : \"Distribution\",\n                \"name\" : \"MultivariateGaussianDistribution\",\n                \"parameters\" : [\n                    [\n                        41.97065849475186,\n                        10.285080565999099,\n                        -8.688806915101507,\n                        3.6345123277585865,\n                        -6.590295289473857,\n                        -2.4258934625868696,\n                        -3.683342965247836,\n                        -4.344740794492843,\n                        -3.0509490579449676,\n                        -3.284816496405864,\n                        -2.512097992850962,\n                        -1.9214530137516506,\n                        -2.7895062349974595,\n                        -0.9493248138660297,\n                        -1.7157447572620803,\n                        -1.1997638035079943,\n                        -0.8170026995063504,\n                        0.3614083155806213,\n                        -0.23229429957264625,\n                        0.2391132774450773,\n                        0.24644409347256113,\n                        0.09465076823434168,\n                        0.31907675689392634,\n                        0.06934838949778245,\n                        0.2480919435927162,\n                        0.0392146207083147,\n                        0.14955203948666027,\n                        0.08237523417142038,\n                        0.06803850800224306,\n                        0.04203859079236233,\n                        -0.021157416737965746,\n                        -0.07801082174209882,\n                        0.022141930474088387,\n                        0.012884716521670503,\n                        0.005156361147211303,\n                        0.01556768538391674,\n                        -0.013358902167670807,\n                        0.014607624507557896,\n                        -0.007983647224651485,\n                        0.01927614065072207,\n                        -0.005675888996744576,\n                        0.00941560894488086,\n                        0.003957569821818973,\n                        0.0026488178204728814,\n                        -0.0035808703465681395,\n                        0.11815955602161347,\n                        0.49779030347076264\n                    ],\n                    [\n                        [\n                            6355.368248229083,\n                            -50.29726557179805,\n                            -2047.4281478825596,\n                            -189.7008210380207,\n                            -1133.562465377792,\n                            16.253951901855977,\n                            -447.4868970979238,\n                            -109.29189727902799,\n                            -84.12430393423246,\n                            136.84415467622077,\n                            -196.4113760939745,\n                            132.4994493760907,\n                            -185.40570973032857,\n                            40.13235144320575,\n                            -146.12303870560245,\n                            10.684674539432894,\n                            56.46672064617559,\n                            -11.431818389095154,\n                            11.840679047833893,\n                            -0.2268184668258098,\n                            -19.775960367878536,\n                            2.295594459301265,\n                            -6.259887556246922,\n                            -1.7482980001473845,\n                            -12.9056070995081,\n                            0.060497701935993665,\n                            -13.595558163440352,\n                            2.5598594490064577,\n                            -5.914892793259386,\n                            0.02113035603577621,\n                            -107.53337645165733,\n                            10.057745680415355,\n                            36.72139315157869,\n                            -1.670620443012113,\n                            20.657861235830094,\n                            1.469699952611323,\n                            9.488970404888097,\n                            2.3591523722490826,\n                            0.3748309944355744,\n                            -3.375505112348302,\n                            1.8238654733823096,\n                            -3.7050636144756948,\n                            1.3625839970929408,\n                            -1.768880091728655,\n                            1.9784777575709886,\n                            0.4362228057929501,\n                            0.8932253764651908\n                        ],\n                        [\n                            -50.29726557179805,\n                            1266.5482621154931,\n                            -248.94465307669543,\n                            -383.51398861330847,\n                            2.483161933854584,\n                            -123.85574392915863,\n                            108.6588256965657,\n                            -232.02196568000466,\n                            132.87436239380398,\n                            -102.83316299595167,\n                            73.61328113886142,\n                            -60.9255677103034,\n                            3.0778484760793337,\n                            -90.2574062844934,\n                            -16.25587546580322,\n                            -23.86802738221714,\n                            22.799132328531794,\n                            -0.836623138226512,\n                            1.634668803430361,\n                            6.791867806849228,\n                            -0.9435809843230955,\n                            5.266314248431364,\n                            -3.8414857026926805,\n                            4.8784793689298205,\n                            -4.214213100762026,\n                            2.3568879768184128,\n                            -4.311754153281164,\n                            1.0026727307192913,\n                            -3.528079043046047,\n                            0.9947720658062458,\n                            7.583931219320725,\n                            -28.153634994194622,\n                            4.795507751891182,\n                            6.343648299665606,\n                            -1.6073321186172973,\n                            3.9106948968254143,\n                            -1.584579553792623,\n                            5.664666730350656,\n                            -2.2207885519309154,\n                            3.803969114836545,\n                            -1.5279810283897757,\n                            2.4083856863993325,\n                            -0.6371756976791633,\n                            1.9308694099875081,\n                            -0.3497916804024412,\n                            -0.4068471033996319,\n                            0.6383038743652119\n                        ],\n                        [\n                            -2047.4281478825596,\n                            -248.94465307669543,\n                            1337.6063725180468,\n                            227.5279132824926,\n                            287.4302081967671,\n                            53.93110317836375,\n                            103.47613107347667,\n                            87.19386972577759,\n                            -146.86259467639914,\n                            -11.273947804767895,\n                            -19.087855443194723,\n                            -13.189060651316202,\n                            6.124754155753336,\n                            9.174747967017764,\n                            1.781161046809258,\n                            9.183317948203007,\n                            -33.58456764053205,\n                            4.562285645199394,\n                            -11.021203933420347,\n                            -3.2341194635892445,\n                            12.149009923691509,\n                            -2.2441871118497687,\n                            5.426857546238491,\n                            0.42331344469451465,\n                            8.786603380377198,\n                            -0.29341166662777973,\n                            8.31886717755174,\n                            -1.9235624015385444,\n                            4.024263021140279,\n                            -0.6556991756143083,\n                            36.03828577193367,\n                            3.176556820246127,\n                            -25.939759689755135,\n                            -0.8044681795891458,\n                            -4.808907532783674,\n                            -2.050256191284397,\n                            -2.589241248905813,\n                            -2.8194227844598827,\n                            2.917373774271605,\n                            -0.03203097321417891,\n                            0.8809524840959394,\n                            0.27699113126450714,\n                            0.40578353405996065,\n                            -0.016362076915177513,\n                            0.024945782759335892,\n                            -0.2972676870103342,\n                            0.15205835924707406\n                        ],\n                        [\n                            -189.7008210380207,\n                            -383.51398861330847,\n                            227.5279132824926,\n                            932.9073961533438,\n                            136.29372718639812,\n                            -235.96517818943443,\n                            -44.97602763479636,\n                            -20.20279828988035,\n                            -96.7205046848081,\n                            -123.03342373687673,\n                            -1.642778869279427,\n                            -64.09797742567345,\n                            -20.448367451436432,\n                            -5.980950399163367,\n                            -20.577555605297217,\n                            1.6245569494830934,\n                            2.3085961095540997,\n                            4.253710959434984,\n                            -5.810300662819641,\n                            -3.6798353868465026,\n                            -0.12145233725432279,\n                            0.43248238950217033,\n                            0.7274851939715964,\n                            -0.33042451243204757,\n                            1.5356901451081424,\n                            0.3522133615335053,\n                            0.8075458526223155,\n                            0.039408762433627106,\n                            0.9351935247274847,\n                            -0.28903381207291734,\n                            -0.14097657258393795,\n                            6.028335631243607,\n                            -1.4818246903454482,\n                            -15.5918679029935,\n                            -0.14539274025865445,\n                            4.314704074108163,\n                            0.3518251318349051,\n                            0.43384708552200196,\n                            1.1083620425417176,\n                            1.996128995420976,\n                            -0.28097767595938616,\n                            1.2062623425310326,\n                            -0.06781997354790142,\n                            0.06242198269588337,\n                            0.31966489075258275,\n                            -0.228274213872047,\n                            0.16049725341708995\n                        ],\n                        [\n                            -1133.562465377792,\n                            2.483161933854584,\n                            287.4302081967671,\n                            136.29372718639812,\n                            637.7897259564182,\n                            -16.005297641761434,\n                            -27.26401771096406,\n                            42.96173529747011,\n                            5.918764179621281,\n                            -29.443970229483867,\n                            -5.900978575475022,\n                            -12.6051052148824,\n                            9.50276396389972,\n                            1.4687461312223757,\n                            14.205812786270108,\n                            -3.7788384768938728,\n                            -16.02278555266199,\n                            5.674257343480777,\n                            -1.8093778428623195,\n                            -1.8764725161704932,\n                            3.9814716645135095,\n                            -0.7398869170982741,\n                            2.7070565167549576,\n                            0.6231144416479367,\n                            4.1937566304876865,\n                            -0.321053857593411,\n                            3.489090622089865,\n                            -0.794621977272047,\n                            1.788310552543032,\n                            -0.2490284148012028,\n                            20.753691703835123,\n                            -2.513790910365323,\n                            -5.001907088800723,\n                            0.3195802684939164,\n                            -13.198262711977165,\n                            -0.28273897818038435,\n                            0.3988216961432192,\n                            -0.8811565161926277,\n                            -0.011397813944408247,\n                            0.3661519324085538,\n                            0.5661828793521508,\n                            0.5855092988547056,\n                            0.09562710087449086,\n                            0.05445653099739026,\n                            -0.13489779558223092,\n                            -0.2171534508723628,\n                            -0.34398694158777643\n                        ],\n                        [\n                            16.253951901855977,\n                            -123.85574392915863,\n                            53.93110317836375,\n                            -235.96517818943443,\n                            -16.005297641761434,\n                            335.21670305810676,\n                            24.099472457137548,\n                            11.821011835707742,\n                            -3.7770168360885723,\n                            40.294040323568204,\n                            -19.178726691341915,\n                            0.7699847512629943,\n                            2.063587300056507,\n                            5.198540431143219,\n                            7.0029190891074276,\n                            14.209621280399075,\n                            -12.28875902908317,\n                            -3.7521258404290414,\n                            3.4856710183349096,\n                            -2.3239863177193603,\n                            0.4628502688621305,\n                            -3.3951038910577958,\n                            1.5797116258933845,\n                            -1.654381532380161,\n                            1.5616952316479227,\n                            -0.8959804564549864,\n                            1.310308160232378,\n                            0.19984953567687577,\n                            0.7597112170727305,\n                            0.20197502130989106,\n                            1.2843328797245905,\n                            3.8935450391570567,\n                            -2.151218102121531,\n                            4.222002442140145,\n                            -0.33575041117128746,\n                            -7.490380494667228,\n                            -0.4601085844137507,\n                            -0.4658032596107521,\n                            0.17803891115587267,\n                            -1.0823408533800272,\n                            0.30659520215050295,\n                            -0.014604811147038444,\n                            0.059374967008732134,\n                            -0.08728749021984773,\n                            -0.1847950127769754,\n                            0.056220980768347105,\n                            -0.11746491464228045\n                        ],\n                        [\n                            -447.4868970979238,\n                            108.6588256965657,\n                            103.47613107347667,\n                            -44.97602763479636,\n                            -27.26401771096406,\n                            24.099472457137548,\n                            287.34535573302463,\n                            -1.4635982232657438,\n                            3.7739340832749986,\n                            1.95052950655063,\n                            11.308936265650946,\n                            -7.113830253071412,\n                            -6.405199971745411,\n                            -3.7507591820904467,\n                            18.408756267988075,\n                            -4.251370628343714,\n                            -0.7540486476401036,\n                            -1.8763921728733763,\n                            0.0786201228976276,\n                            1.9113693009623658,\n                            1.4881676790250398,\n                            -0.3650410416492856,\n                            -0.8959924266323049,\n                            0.3581562835061027,\n                            -0.5005664987810925,\n                            0.8348944611766186,\n                            0.321635847977645,\n                            0.5131425868034825,\n                            0.699269185980338,\n                            0.22143550795112305,\n                            9.301595341477219,\n                            -1.6579122583084474,\n                            -2.5347489349533476,\n                            0.40224052985472986,\n                            0.5148254983239853,\n                            -0.48647034159060165,\n                            -6.2096535949817255,\n                            -0.14256145437293824,\n                            0.41296206331626234,\n                            0.23912797201444583,\n                            -0.06365413189989844,\n                            0.2889728410891522,\n                            0.4631514355510879,\n                            0.09339895499751254,\n                            -0.27151220627211664,\n                            -0.10246077865164498,\n                            -0.11827978622333092\n                        ],\n                        [\n                            -109.29189727902799,\n                            -232.02196568000466,\n                            87.19386972577759,\n                            -20.20279828988035,\n                            42.96173529747011,\n                            11.821011835707742,\n                            -1.4635982232657438,\n                            253.8659553678773,\n                            15.138558450687503,\n                            22.784417820991735,\n                            -8.99471841512714,\n                            -0.5686257234531746,\n                            6.520974667985651,\n                            -11.102884610009928,\n                            11.734289441451926,\n                            -3.563808670030548,\n                            -9.061783432708328,\n                            3.5745260310308034,\n                            -0.8870157606266506,\n                            0.033735731892334454,\n                            1.9428564044267245,\n                            -0.44183177426161474,\n                            1.296454789190588,\n                            -1.4594275538017238,\n                            1.4787266083848936,\n                            -0.7646333543219636,\n                            2.239797467490787,\n                            -0.42077277190720586,\n                            1.4251542325639894,\n                            0.08396074634004876,\n                            2.4970011931106604,\n                            5.269344860708163,\n                            -2.9434667668837324,\n                            0.3696299952706959,\n                            -0.970469251695322,\n                            -0.4295332444550965,\n                            -0.2347670478248697,\n                            -5.917602976861145,\n                            -0.09789880242236976,\n                            -0.48735674732853024,\n                            0.3993052147649858,\n                            -0.11264047994133317,\n                            0.09759558345550387,\n                            0.30618511644592805,\n                            -0.22226213417235846,\n                            0.05233869069301642,\n                            -0.4902340791498105\n                        ],\n                        [\n                            -84.12430393423246,\n                            132.87436239380398,\n                            -146.86259467639914,\n                            -96.7205046848081,\n                            5.918764179621281,\n                            -3.7770168360885723,\n                            3.7739340832749986,\n                            15.138558450687503,\n                            225.0537301942476,\n                            24.06091319997843,\n                            26.61493168555411,\n                            -5.755697564708071,\n                            6.4270137979428625,\n                            -26.818695608242,\n                            -4.614617320357237,\n                            -1.8838155087491688,\n                            -0.20302887749770274,\n                            -1.701070169034055,\n                            2.491944530241409,\n                            -0.41198718740884044,\n                            -0.3704669723286145,\n                            1.0024179266894837,\n                            0.10193664524393356,\n                            -0.28101534673948225,\n                            -1.027739468362727,\n                            0.2471981772032697,\n                            -0.6260627796685189,\n                            0.8221687140857968,\n                            -0.2201025938291699,\n                            0.8756886498964274,\n                            0.11025902511485805,\n                            -2.09556468379196,\n                            3.032261460805581,\n                            1.0491621424761695,\n                            0.043211052310859005,\n                            0.13900665643428906,\n                            0.45322429410198123,\n                            -0.09360798984727696,\n                            -4.591202065636513,\n                            -0.28800027761863617,\n                            -0.1891113125477572,\n                            0.14851508161064705,\n                            -0.006840113411048279,\n                            0.4951249964099852,\n                            0.1148438090825189,\n                            -0.04148683791589586,\n                            -0.2713653668877456\n                        ],\n                        [\n                            136.84415467622077,\n                            -102.83316299595167,\n                            -11.273947804767895,\n                            -123.03342373687673,\n                            -29.443970229483867,\n                            40.294040323568204,\n                            1.95052950655063,\n                            22.784417820991735,\n                            24.06091319997843,\n                            211.95096213178627,\n                            6.714901232597425,\n                            26.879558324074225,\n                            -5.257266879146408,\n                            -10.373336011268568,\n                            -18.644651195074925,\n                            1.7522890423187067,\n                            -5.802887266621277,\n                            -1.156125696649426,\n                            0.6121386309832682,\n                            -0.7656013727458877,\n                            0.434961505669514,\n                            -0.44832861065919233,\n                            0.7912606595795921,\n                            -0.26667251930016944,\n                            0.11321370910743313,\n                            -0.9299659275067452,\n                            0.8112099610705925,\n                            -0.17533208792650098,\n                            1.0999816940213887,\n                            0.6618818891356553,\n                            -3.40625336374194,\n                            3.7317151511188906,\n                            -0.17117118847049534,\n                            2.1033342297617006,\n                            0.41281175460326747,\n                            -1.1099465342591661,\n                            0.19742768457391027,\n                            -0.5364871057172466,\n                            -0.28173582848569106,\n                            -4.90783871017084,\n                            0.03973602773186119,\n                            -0.7026283843648327,\n                            0.33964005210139037,\n                            0.12314532027964169,\n                            0.39520517371284036,\n                            0.01608942622401619,\n                            -0.42387215559787755\n                        ],\n                        [\n                            -196.4113760939745,\n                            73.61328113886142,\n                            -19.087855443194723,\n                            -1.642778869279427,\n                            -5.900978575475022,\n                            -19.178726691341915,\n                            11.308936265650946,\n                            -8.99471841512714,\n                            26.61493168555411,\n                            6.714901232597425,\n                            180.80884119636806,\n                            8.167083724064906,\n                            23.556482573581278,\n                            -21.06639812800868,\n                            -20.616620572981947,\n                            -1.9365687666327376,\n                            2.2072515103037658,\n                            -1.4299089252640347,\n                            -0.2499398042835999,\n                            0.5315509459577678,\n                            -0.217642920443237,\n                            0.12801870953045313,\n                            -0.3947415080793644,\n                            0.30216280537195134,\n                            -0.036228945776436115,\n                            -0.24139275764667023,\n                            -1.0286353756970865,\n                            0.3789900416237612,\n                            -0.552194212331518,\n                            1.0539390910105046,\n                            1.8031066424746347,\n                            -1.571657213748031,\n                            0.9452839971640016,\n                            -0.20715953660766362,\n                            0.5527228667863301,\n                            0.3098756681706077,\n                            -0.09593442090348751,\n                            0.38772560810533635,\n                            -0.21177746007368534,\n                            -0.006312545015084756,\n                            -3.858307546544824,\n                            -0.07633494808472881,\n                            -0.22233391241430844,\n                            0.5196554921904284,\n                            0.4021201759608075,\n                            0.0016430034394053262,\n                            -0.17274109942598864\n                        ],\n                        [\n                            132.4994493760907,\n                            -60.9255677103034,\n                            -13.189060651316202,\n                            -64.09797742567345,\n                            -12.6051052148824,\n                            0.7699847512629943,\n                            -7.113830253071412,\n                            -0.5686257234531746,\n                            -5.755697564708071,\n                            26.879558324074225,\n                            8.167083724064906,\n                            185.53669888086912,\n                            27.331809401096887,\n                            22.28992959200672,\n                            -7.589041622467201,\n                            4.45413974898233,\n                            -3.387535679810778,\n                            -2.1074835558060108,\n                            0.5235034516706659,\n                            -1.4250396105897647,\n                            0.41236513324391827,\n                            -0.664072853267478,\n                            -0.1827133877404608,\n                            -0.18981653909487378,\n                            0.088741987692972,\n                            0.39493652116889433,\n                            -0.4862004494516624,\n                            -0.9053456113226604,\n                            0.28629887053270775,\n                            -0.3531492169477882,\n                            -3.666014130521933,\n                            2.4957435428803496,\n                            0.18210730217698756,\n                            1.1628993627445308,\n                            0.5582084538842867,\n                            0.03428434221930207,\n                            0.31029465136113177,\n                            -0.18857700866118643,\n                            0.17238173066099932,\n                            -0.6602210042811927,\n                            -0.06584681070898592,\n                            -4.304095358520417,\n                            -0.3345177427453607,\n                            -0.31736167314263314,\n                            0.4050091979289792,\n                            0.022335227310194907,\n                            -0.19344473447474142\n                        ],\n                        [\n                            -185.40570973032857,\n                            3.0778484760793337,\n                            6.124754155753336,\n                            -20.448367451436432,\n                            9.50276396389972,\n                            2.063587300056507,\n                            -6.405199971745411,\n                            6.520974667985651,\n                            6.4270137979428625,\n                            -5.257266879146408,\n                            23.556482573581278,\n                            27.331809401096887,\n                            181.6540683922399,\n                            47.898357829498984,\n                            27.289035808373917,\n                            -4.162181249450404,\n                            0.6726733890508275,\n                            0.8406287197333173,\n                            0.46727524153628675,\n                            1.0554496021504685,\n                            -0.45078278125939714,\n                            0.19647437445508878,\n                            0.05271929183283273,\n                            0.004127880946942449,\n                            -0.017076092833252763,\n                            -0.22999365590700177,\n                            0.355077168529175,\n                            -0.9319700037184758,\n                            -1.4298808499208915,\n                            -0.5494603849879629,\n                            1.531108957061826,\n                            -0.6219341007884304,\n                            0.2765176777061522,\n                            -0.13379177228606928,\n                            0.027735061055857345,\n                            0.07446913176215235,\n                            0.4570840839727659,\n                            0.0641552581612821,\n                            -0.004196685589598165,\n                            0.3251172851293784,\n                            -0.23451255717764646,\n                            -0.40086763209388293,\n                            -3.7480137133079783,\n                            -0.7135601363456419,\n                            -0.2263405597869721,\n                            0.08018454799404459,\n                            -0.19843829996106244\n                        ],\n                        [\n                            40.13235144320575,\n                            -90.2574062844934,\n                            9.174747967017764,\n                            -5.980950399163367,\n                            1.4687461312223757,\n                            5.198540431143219,\n                            -3.7507591820904467,\n                            -11.102884610009928,\n                            -26.818695608242,\n                            -10.373336011268568,\n                            -21.06639812800868,\n                            22.28992959200672,\n                            47.898357829498984,\n                            186.25784172700125,\n                            67.90456118237543,\n                            1.6948649755605651,\n                            -0.17885790575579308,\n                            -0.5096352042867275,\n                            -0.8605283658481501,\n                            -0.34837881149633526,\n                            0.3926736977186004,\n                            -1.10572164690138,\n                            -0.07334912231839287,\n                            0.04259544211451739,\n                            0.02622509028636761,\n                            0.2406994379025954,\n                            0.04807765211536833,\n                            0.19067995610727378,\n                            -0.9553276723007206,\n                            -1.5237402156361948,\n                            -1.5654347805423183,\n                            2.059326318680665,\n                            -0.22562276854817445,\n                            0.029261135450526044,\n                            0.003426793358870376,\n                            -0.1105297482009273,\n                            0.10464809280198592,\n                            0.22228624908842254,\n                            0.5313312848679976,\n                            0.1049113682560839,\n                            0.4872461563546754,\n                            -0.3534349703131622,\n                            -0.7763150800848049,\n                            -3.896296172125698,\n                            -0.9875327169224923,\n                            0.10653726611916675,\n                            0.017487153561102704\n                        ],\n                        [\n                            -146.12303870560245,\n                            -16.25587546580322,\n                            1.781161046809258,\n                            -20.577555605297217,\n                            14.205812786270108,\n                            7.0029190891074276,\n                            18.408756267988075,\n                            11.734289441451926,\n                            -4.614617320357237,\n                            -18.644651195074925,\n                            -20.616620572981947,\n                            -7.589041622467201,\n                            27.289035808373917,\n                            67.90456118237543,\n                            208.68437804681466,\n                            -1.9820270001253961,\n                            0.9649677593093023,\n                            0.08406963352825167,\n                            0.6847940853875674,\n                            0.3456553220599676,\n                            -0.579347502140572,\n                            0.1844186787550922,\n                            -0.4979777573013736,\n                            -0.1703176634302301,\n                            -0.46919438747503805,\n                            -0.23743446268495302,\n                            0.2489420085556731,\n                            0.02835977950240413,\n                            0.001958529962363339,\n                            -1.4438734145463568,\n                            2.1903125248323487,\n                            -0.28901828393775775,\n                            -0.048727828632046416,\n                            0.19009287840722003,\n                            -0.1992721265984775,\n                            -0.1422673638323232,\n                            -0.28765158456389633,\n                            -0.21992973840224,\n                            0.1230404852293143,\n                            0.43014851996785036,\n                            0.3996966416128581,\n                            0.3835120261519816,\n                            -0.2936812761878683,\n                            -1.0333446561390054,\n                            -4.05236569052616,\n                            0.11596995652827669,\n                            0.005322610630888088\n                        ],\n                        [\n                            10.684674539432894,\n                            -23.86802738221714,\n                            9.183317948203007,\n                            1.6245569494830934,\n                            -3.7788384768938728,\n                            14.209621280399075,\n                            -4.251370628343714,\n                            -3.563808670030548,\n                            -1.8838155087491688,\n                            1.7522890423187067,\n                            -1.9365687666327376,\n                            4.45413974898233,\n                            -4.162181249450404,\n                            1.6948649755605651,\n                            -1.9820270001253961,\n                            109.60556888301987,\n                            -9.322427280195486,\n                            -36.42773565035357,\n                            1.8481345753713612,\n                            -20.578215456193536,\n                            -1.717446800070149,\n                            -9.883864230875579,\n                            -2.2170347625469664,\n                            -0.6238907417139182,\n                            3.65927164447411,\n                            -1.8918496256059207,\n                            3.7763274684978976,\n                            -1.310197164636226,\n                            1.8821738031572457,\n                            -2.298253546602